"tx_per_account","num_of_accounts","total_txs","number_of_blocks","sum_of_block_time","blockStart","blockEnd","block_per_second","txs_per_second"
"1","50","50","4","33","442","446","0.1212","1.515"
"2","50","100","2","31","446","448","0.06452","3.226"
"3","50","150","2","31","448","450","0.06452","4.839"
"4","50","200","3","32","450","453","0.09375","6.250"
"5","50","250","4","33","453","457","0.1212","7.576"
"6","50","300","4","33","457","461","0.1212","9.091"
"7","50","350","4","33","461","465","0.1212","10.61"
"8","50","400","3","32","465","468","0.09375","12.50"
"9","50","450","5","34","468","473","0.1471","13.24"
"10","50","500","4","33","473","477","0.1212","15.15"
"11","50","550","5","34","477","482","0.1471","16.18"
"12","50","600","4","33","482","486","0.1212","18.18"
"13","50","650","5","34","486","491","0.1471","19.12"
"14","50","700","6","35","491","497","0.1714","20.00"
"15","50","750","6","35","497","503","0.1714","21.43"
"16","50","800","6","35","503","509","0.1714","22.86"
"17","50","850","7","36","509","516","0.1944","23.61"
"18","50","900","7","36","516","523","0.1944","25.00"
"19","50","950","7","36","523","530","0.1944","26.39"
"20","50","1000","8","37","530","538","0.2162","27.03"
"21","50","1050","9","38","538","547","0.2368","27.63"
"22","50","1100","8","37","547","555","0.2162","29.73"
"23","50","1150","8","37","555","563","0.2162","31.08"
"24","50","1200","8","37","563","571","0.2162","32.43"
"25","50","1250","9","38","571","580","0.2368","32.89"
"26","50","1300","8","37","580","588","0.2162","35.14"
"27","50","1350","8","37","588","596","0.2162","36.49"
"28","50","1400","8","37","596","604","0.2162","37.84"
"29","50","1450","9","38","604","613","0.2368","38.16"
"30","50","1500","10","19","613","623","0.5263","78.95"
"31","50","1550","9","9","623","632","1.000","172.2"
"32","50","1600","11","40","632","643","0.2750","40.00"
"33","50","1650","10","39","643","653","0.2564","42.31"
"34","50","1700","11","40","653","664","0.2750","42.50"
"35","50","1750","11","40","664","675","0.2750","43.75"
"36","50","1800","12","41","675","687","0.2927","43.90"
"37","50","1850","12","12","687","699","1.000","154.2"
"38","50","1900","12","41","699","711","0.2927","46.34"
"39","50","1950","13","13","711","724","1.000","150.0"
"40","50","2000","13","42","724","737","0.3095","47.62"
"41","50","2050","13","42","737","750","0.3095","48.81"
"42","50","2100","13","42","750","763","0.3095","50.00"
"43","50","2150","13","42","763","776","0.3095","51.19"
"44","50","2200","18","47","776","794","0.3830","46.81"
"45","50","2250","15","44","794","809","0.3409","51.14"
"46","50","2300","14","43","809","823","0.3256","53.49"
"47","50","2350","16","45","823","839","0.3556","52.22"
"48","50","2400","16","45","839","855","0.3556","53.33"
"49","50","2450","16","16","855","871","1.000","153.1"
