"tx_per_account","num_of_accounts","total_txs","number_of_blocks","sum_of_block_time","blockStart","blockEnd","block_per_second","txs_per_second"
"1","100","100","3","3","10","13","1.000","33.33"
"2","100","200","1","1","13","14","1.000","200.0"
"3","100","300","2","2","14","16","1.000","150.0"
"4","100","400","2","2","16","18","1.000","200.0"
"5","100","500","1","1","18","19","1.000","500.0"
"6","100","600","3","3","19","22","1.000","200.0"
"7","100","700","4","4","22","26","1.000","175.0"
"8","100","800","3","3","26","29","1.000","266.7"
"9","100","900","3","3","29","32","1.000","300.0"
"10","100","1000","3","3","32","35","1.000","333.3"
"11","100","1100","4","4","35","39","1.000","275.0"
"12","100","1200","3","3","39","42","1.000","400.0"
"13","100","1300","5","5","42","47","1.000","260.0"
"14","100","1400","4","4","47","51","1.000","350.0"
"15","100","1500","5","5","51","56","1.000","300.0"
"16","100","1600","5","5","56","61","1.000","320.0"
"17","100","1700","4","4","61","65","1.000","425.0"
"18","100","1800","7","7","65","72","1.000","257.1"
"19","100","1900","6","6","72","78","1.000","316.7"
"20","100","2000","7","7","78","85","1.000","285.7"
"21","100","2100","7","7","85","92","1.000","300.0"
"22","100","2200","7","7","92","99","1.000","314.3"
"23","100","2300","8","8","99","107","1.000","287.5"
"24","100","2400","8","8","107","115","1.000","300.0"
"25","100","2500","7","7","115","122","1.000","357.1"
"26","100","2600","8","8","122","130","1.000","325.0"
"27","100","2700","8","8","130","138","1.000","337.5"
"28","100","2800","8","8","138","146","1.000","350.0"
"29","100","2900","9","9","146","155","1.000","322.2"
"30","100","3000","8","8","155","163","1.000","375.0"
"31","100","3100","9","9","163","172","1.000","344.4"
"32","100","3200","10","10","172","182","1.000","320.0"
"33","100","3300","9","9","182","191","1.000","366.7"
"34","100","3400","10","10","191","201","1.000","340.0"
"35","100","3500","10","10","201","211","1.000","350.0"
"36","100","3600","11","11","211","222","1.000","327.3"
"37","100","3700","11","11","222","233","1.000","336.4"
"38","100","3800","11","11","233","244","1.000","345.5"
"39","100","3900","11","11","244","255","1.000","354.5"
